# Format: <level> <type> <first min> <first max> <second min> <second max> [AN]
# e.g. 1.1 A 1 10 1 10
# this will have (A)ddition questions on level 1.1, with (1-10) + (1-10)
# AN can be written to allow negatives on subtraction questions (if you haven't used negatives as numbers)

1.1 A 0 10 0 10
1.1 S 0 10 0 10

1.2 A 0 20 0 20
1.2 S 0 20 0 20

1.3 A -15 15 -15 15
1.3 S -15 15 -15 15 NA

1.4 A -50 50 -50 50
1.4 S -50 50 -50 50 NA

2.1 M 2 10 2 10
2.1 D 2 10 2 10

2.2 M 2 10 2 10
2.2 M -10 -2 2 10
2.2 M -10 -2 -10 -2
2.2 D 2 10 2 10
2.2 D -10 -2 2 10
2.2 D -10 -2 -10 -2

2.3 M -14 14 -14 14
2.3 D -14 14 -14 14

2.4 M -20 20 -20 20
2.4 D -20 20 -20 20

3.1 A -25 25 -25 25
3.1 S -25 25 -25 25
3.1 M -14 14 -14 14
3.1 D -14 14 -14 14

3.2 A -35 35 -35 35
3.2 S -35 35 -35 35
3.2 M -16 16 -16 16
3.2 D -16 16 -16 16

3.3 A -50 50 -50 50
3.3 S -50 50 -50 50
3.3 M -20 20 -20 20
3.3 D -20 20 -20 20

3.4 A -100 100 -100 100
3.4 S -100 100 -100 100
3.4 M -20 20 -20 20
3.4 D -20 20 -20 20

4.1 E 2 10 2 2
4.1 R 2 10 2 2

4.2 E 2 15 2 2
4.2 E 2 10 3 3
4.2 R 2 15 2 2
4.2 R 2 10 3 3

4.3 E 2 20 2 2
4.3 E 2 15 3 3
4.3 D 2 20 2 2
4.3 D 2 15 3 3

4.4 E 2 2 2 8
4.4 E 3 3 2 4
4.4 E 4 20 2 2
4.4 E 4 20 3 3
4.4 R 2 2 2 8
4.4 R 3 3 2 4
4.4 R 4 20 2 2
4.4 R 4 20 3 3

5.1 A -35 35 -35 35
5.1 S -35 35 -35 35
5.1 M -15 15 -15 15
5.1 D -15 15 -15 15
5.1 E 2 20 2 3
5.1 R 2 20 2 3

5.1 A -35 35 -35 35
5.1 S -35 35 -35 35
5.1 M -15 15 -15 15
5.1 D -15 15 -15 15
5.1 E 2 20 2 3
5.1 R 2 20 2 3

5.2 A -50 50 -50 50
5.2 S -50 50 -50 50
5.2 M -15 15 -15 15
5.2 D -15 15 -15 15
5.2 E 2 20 2 3
5.2 R 2 20 2 3

5.3 A -150 150 -150 150
5.3 S -150 150 -150 150
5.3 M -25 25 -25 25
5.3 D -25 25 -25 25
5.3 E 2 2 2 10
5.3 E 3 3 2 8
5.3 E 4 20 2 3
5.3 R 2 2 2 10
5.3 R 3 3 2 8
5.3 R 4 20 2 3

5.4 A -500 500 -500 500
5.4 S -500 500 -500 500
5.4 M -30 30 -30 30
5.4 D -30 30 -30 30
5.4 E 2 2 2 12
5.4 E 3 3 2 10
5.4 E 4 4 2 8
5.4 E 5 5 2 6
5.4 E 6 20 2 4
5.4 E 21 25 2 3
5.4 E 26 30 2 2
5.4 R 2 2 2 12
5.4 R 3 3 2 10
5.4 R 4 4 2 8
5.4 R 5 5 2 6
5.4 R 6 20 2 4
5.4 R 21 25 2 3
5.4 R 26 30 2 2

SSS A -500 500 -500 500
SSS S -500 500 -500 500
SSS M -30 30 -30 30
SSS D -30 30 -30 30
SSS E 2 2 2 12
SSS E 3 3 2 10
SSS E 4 4 2 8
SSS E 5 5 2 6
SSS E 6 20 2 4
SSS E 21 25 2 3
SSS E 26 30 2 2
SSS R 2 2 2 12
SSS R 3 3 2 10
SSS R 4 4 2 8
SSS R 5 5 2 6
SSS R 6 20 2 4
SSS R 21 25 2 3
SSS R 26 30 2 2
